image_width: 2448
image_height: 2048
camera_name: acA2440-75uc
camera_matrix:
  rows: 3
  cols: 3
  data: [1768.3, 0, 1252.5, 0, 1765.4, 976.21, 0, 0, 1]
distortion_model: plumb_bob
distortion_coefficients:
  rows: 1
  cols: 5
  data: [-0.12642, 0.075323, 0.0011309, -0.000043749, -0.016993]
rectification_matrix:
  rows: 3
  cols: 3
  data: [1, 0, 0, 0, 1, 0, 0, 0, 1]
projection_matrix:
  rows: 3
  cols: 4
  data: [1768.3, 0, 1252.5, 0, 0, 1765.4, 976.21, 0, 0, 0, 1, 0]
